; 11 June 2024
; Andrew Stasiuk

define delay tau1
"tau1 = d3*(1+cnst1+2*cnst2)-p1/2"
define delay tau2
"tau2 = d3*(1-cnst2)-p1"
define delay tau3
"tau3 = 2*d3*(1-cnst2)-p1"

define delay tau1p
"tau1p = d3*(1-cnst1+2*cnst2)-p1/2"

define delay cycle
"cycle=24*d3"
"l1=0"

1  ze

2   ; state & pp reset delay
    d1 rpp1 rpp2 rpp3 rpp4 rpp15 rpp16 rpp17 rpp18
    100u pl2:f2

; Random Zeeman State Preparation
    (p1 ph0):f2

3 ; repeated ken to encode disorder
    tau1
    (p1 ph1^):f2
    tau2
    (p1 ph2^):f2
    tau3
    (p1 ph3^):f2
    tau2
    (p1 ph4^):f2
    tau1p

    tau1p
    (p1 ph1^):f2
    tau2
    (p1 ph2^):f2
    tau3
    (p1 ph3^):f2
    tau2
    (p1 ph4^):f2
    tau1

    lo to 3 times l1

    (p1 ph5):f2
    

; Hamiltonian Evolution
4  2.5u ; something goes here eventually



; Random Zeeman Observable Engineering
    (p1 ph14):f2

5 ; repeated ken to disorder observable
    tau1
    (p1 ph15^):f2
    tau2
    (p1 ph16^):f2
    tau3
    (p1 ph17^):f2
    tau2
    (p1 ph18^):f2
    tau1p

    tau1p
    (p1 ph15^):f2
    tau2
    (p1 ph16^):f2
    tau3
    (p1 ph17^):f2
    tau2
    (p1 ph18^):f2
    tau1

    lo to 5 times l1

    ; shelf in Z, then measure
    (p1 ph19):f2
    1m
    (p1 ph29):f2
    20u
    (p1 ph30):f2

    go=2 ph31
    1m wr #0 if #0


    25m ip5*192
    25m ip14*192
    25m ip15*192
    25m ip16*192
    25m ip17*192
    25m ip18*192
    25m ip19*24

    ; increment WAHUHA time
    5m iu1
    5m iu1
    lo to 2 times td1

  exit



ph0 = (360) 90 90 270 270 0 0 180 180

ph1 = (360) 12 60 288 336 204 252 120 168 36 84 312 0 228 276 144 192 60 108 336 24 252 300 168 216 84 132 0 48 276 324 192 240 108 156 24 72 300 348 216 264 132 180 48 96 324 12 240 288 156 204 72 120 348 36 264 312 180 228 96 144 12 60 288 336 204 252 120 168 36 84 312 0 228 276 144 192 60 108 336 24 252 300 168 216 84 132 0 48 276 324 192 240 108 156 24 72 300 348 216 264
ph2 = (360) 114 162 30 78 306 354 222 270 138 186 54 102 330 18 246 294 162 210 78 126 354 42 270 318 186 234 102 150 18 66 294 342 210 258 126 174 42 90 318 6 234 282 150 198 66 114 342 30 258 306 174 222 90 138 6 54 282 330 198 246 114 162 30 78 306 354 222 270 138 186 54 102 330 18 246 294 162 210 78 126 354 42 270 318 186 234 102 150 18 66 294 342 210 258 126 174 42 90 318 6
ph3 = (360) 126 174 42 90 318 6 234 282 150 198 66 114 342 30 258 306 174 222 90 138 6 54 282 330 198 246 114 162 30 78 306 354 222 270 138 186 54 102 330 18 246 294 162 210 78 126 354 42 270 318 186 234 102 150 18 66 294 342 210 258 126 174 42 90 318 6 234 282 150 198 66 114 342 30 258 306 174 222 90 138 6 54 282 330 198 246 114 162 30 78 306 354 222 270 138 186 54 102 330 18
ph4 = (360) 48 96 324 12 240 288 156 204 72 120 348 36 264 312 180 228 96 144 12 60 288 336 204 252 120 168 36 84 312 0 228 276 144 192 60 108 336 24 252 300 168 216 84 132 0 48 276 324 192 240 108 156 24 72 300 348 216 264 132 180 48 96 324 12 240 288 156 204 72 120 348 36 264 312 180 228 96 144 12 60 288 336 204 252 120 168 36 84 312 0 228 276 144 192 60 108 336 24 252 300

ph5 = (360) 204 204 24 24 114 114 294 294

ph14 = (360) 216 216 216 216 216 216 216 216

ph15 = (360) 228 276 144 192 60 108 336 24 252 300 168 216 84 132 0 48 276 324 192 240 108 156 24 72 300 348 216 264 132 180 48 96 324 12 240 288 156 204 72 120 348 36 264 312 180 228 96 144 12 60 288 336 204 252 120 168 36 84 312 0 228 276 144 192 60 108 336 24 252 300 168 216 84 132 0 48 276 324 192 240 108 156 24 72 300 348 216 264 132 180 48 96 324 12 240 288 156 204 72 120
ph16 = (360) 330 18 246 294 162 210 78 126 354 42 270 318 186 234 102 150 18 66 294 342 210 258 126 174 42 90 318 6 234 282 150 198 66 114 342 30 258 306 174 222 90 138 6 54 282 330 198 246 114 162 30 78 306 354 222 270 138 186 54 102 330 18 246 294 162 210 78 126 354 42 270 318 186 234 102 150 18 66 294 342 210 258 126 174 42 90 318 6 234 282 150 198 66 114 342 30 258 306 174 222
ph17 = (360) 342 30 258 306 174 222 90 138 6 54 282 330 198 246 114 162 30 78 306 354 222 270 138 186 54 102 330 18 246 294 162 210 78 126 354 42 270 318 186 234 102 150 18 66 294 342 210 258 126 174 42 90 318 6 234 282 150 198 66 114 342 30 258 306 174 222 90 138 6 54 282 330 198 246 114 162 30 78 306 354 222 270 138 186 54 102 330 18 246 294 162 210 78 126 354 42 270 318 186 234
ph18 = (360) 264 312 180 228 96 144 12 60 288 336 204 252 120 168 36 84 312 0 228 276 144 192 60 108 336 24 252 300 168 216 84 132 0 48 276 324 192 240 108 156 24 72 300 348 216 264 132 180 48 96 324 12 240 288 156 204 72 120 348 36 264 312 180 228 96 144 12 60 288 336 204 252 120 168 36 84 312 0 228 276 144 192 60 108 336 24 252 300 168 216 84 132 0 48 276 324 192 240 108 156

ph19 = (360) 330 330 330 330 330 330 330 330


ph29 = 0 2
ph30 = 1 3
ph31 = 0 2
