; 13 June 2024
; Andrew Stasiuk

; delays
define delay delay0
"delay0=(d20-p1)/2"
define delay delay1
"delay1=d20-p1"

"l1=3"

1  ze

2   ; state & pp reset delay
    d1 rpp1 rpp2 rpp3 rpp4 rpp15 rpp16 rpp17 rpp18
    100u pl2:f2

; Random Zeeman State Preparation
    (p1 ph0):f2

3 ; repeated ken to encode disorder
    delay0
    (p1 ph1^):f2
    delay1
    (p1 ph2^):f2
    delay1
    (p1 ph3^):f2
    delay1
    (p1 ph4^):f2
    delay0

    lo to 3 times l1

    (p1 ph5):f2
    

; Hamiltonian Evolution
4  2.5u ; something goes here eventually



; Random Zeeman Observable Engineering
    (p1 ph14):f2

5 ; repeated ken to disorder observable
    delay0
    (p1 ph15^):f2
    delay1
    (p1 ph16^):f2
    delay1
    (p1 ph17^):f2
    delay1
    (p1 ph18^):f2
    delay0

    lo to 5 times l1

    ; shelf in Z, then measure
    (p1 ph19):f2
    1m
    (p1 ph29):f2
    20u
    (p1 ph30):f2

    go=2 ph31
    1m wr #0 if #0


    25m ip5*132
    25m ip14*132
    25m ip15*132
    25m ip16*132
    25m ip17*132
    25m ip18*132
    25m ip19*264

    ; increment ken time
    5m iu1
    5m iu1
    5m iu1
    lo to 2 times td1

  exit



ph0 = (360) 90 90 270 270 0 0 180 180

ph1 = (360) 11 235 99 143 7 231 275 139 3 47 271 135 179 43 267 311 175 39 83 307 171 215 79 303 347 211 75 119 343 207 251 115 339 23 247 111 155 19 243 287 151 15 59 283 147 191 55 279 323 187 51 95 319 183 227 91 315 359 223 87
ph2 = (360) 112 156 200 244 288 332 16 60 104 148 192 236 280 324 8 52 96 140 184 228 272 316 0 44 88 132 176 220 264 308 352 36 80 124 168 212 256 300 344 28 72 116 160 204 248 292 336 20 64 108 152 196 240 284 328 12 56 100 144 188
ph3 = (360) 213 257 121 345 29 253 117 161 25 249 293 157 21 65 289 153 197 61 285 329 193 57 101 325 189 233 97 321 5 229 93 137 1 225 269 133 357 41 265 129 173 37 261 305 169 33 77 301 165 209 73 297 341 205 69 113 337 201 245 109
ph4 = (360) 314 358 42 86 130 174 218 262 306 350 34 78 122 166 210 254 298 342 26 70 114 158 202 246 290 334 18 62 106 150 194 238 282 326 10 54 98 142 186 230 274 318 2 46 90 134 178 222 266 310 354 38 82 126 170 214 258 302 346 30

ph5 = (360) 143 143 323 323 53 53 233 233

ph14 = (360) 154 154 154 154 154 154 154 154

ph15 = (360) 165 29 253 297 161 25 69 293 157 201 65 289 333 197 61 105 329 193 237 101 325 9 233 97 141 5 229 273 137 1 45 269 133 177 41 265 309 173 37 81 305 169 213 77 301 345 209 73 117 341 205 249 113 337 21 245 109 153 17 241
ph16 = (360) 266 310 354 38 82 126 170 214 258 302 346 30 74 118 162 206 250 294 338 22 66 110 154 198 242 286 330 14 58 102 146 190 234 278 322 6 50 94 138 182 226 270 314 358 42 86 130 174 218 262 306 350 34 78 122 166 210 254 298 342
ph17 = (360) 7 51 275 139 183 47 271 315 179 43 87 311 175 219 83 307 351 215 79 123 347 211 255 119 343 27 251 115 159 23 247 291 155 19 63 287 151 195 59 283 327 191 55 99 323 187 231 95 319 3 227 91 135 359 223 267 131 355 39 263
ph18 = (360) 108 152 196 240 284 328 12 56 100 144 188 232 276 320 4 48 92 136 180 224 268 312 356 40 84 128 172 216 260 304 348 32 76 120 164 208 252 296 340 24 68 112 156 200 244 288 332 16 60 104 148 192 236 280 324 8 52 96 140 184

ph19 = (360) 207 207 207 207 207 207 207 207


ph29 = 0 2
ph30 = 1 3
ph31 = 0 2
