; 9 May 2024
; Andrew Stasiuk


; WAHUHA8 delays
define delay delay0
"delay0=(2*d20-p1)/2"
define delay delay1
"delay1=d20-p1"
define delay delay2
"delay2=(2*d20-p1)"

"l1=2"

1  ze

2   ; state & pp reset delay
    d1 rpp1 rpp2 rpp3 rpp4 rpp15 rpp16 rpp17 rpp18
    100u pl2:f2

; Random Zeeman State Preparation
    (p1 ph0):f2

3   ; Repeated WAHUHA8 to encode random state 
    delay0
    (p1 ph1^):f2
    delay1
    (p1 ph2^):f2
    delay2
    (p1 ph3^):f2
    delay1
    (p1 ph4^):f2
    delay0
    lo to 3 times l1

    (p1 ph5):f2
    

; Hamiltonian Evolution
4  2.5u ; something goes here eventually



; Random Zeeman Observable Engineering
    (p1 ph14):f2

5   ; Repeated WAHUHA8 to encode random observable (18 cycles)
    delay0
    (p1 ph15^):f2
    delay1
    (p1 ph16^):f2
    delay2
    (p1 ph17^):f2
    delay1
    (p1 ph18^):f2
    delay0
    lo to 5 times l1


    ; shelf in Z, then measure
    (p1 ph19):f2
    1m
    (p1 ph29):f2
    20u
    (p1 ph30):f2

    go=2 ph31
    1m wr #0 if #0

    ; increment WAHUHA time
    25m ip5*96
    25m ip14*96
    25m ip15*96
    25m ip16*96
    25m ip17*96
    25m ip18*96
    25m ip19*192
    5m iu1
    5m iu1
    lo to 2 times td1

  exit


ph0 = (360) 90 90 270 270 0 0 180 180

ph1 = (360) 12 240 108 336 204 72 300 168 36 264 132 0 228 96 324 192 60 288 156 24 252 120 348 216 84 312 180 48 276 144 12 240 108 336 204 72 300 168 36 264 132 0 228 96 324 192 60 288 156 24
ph2 = (360) 114 342 210 78 306 174 42 270 138 6 234 102 330 198 66 294 162 30 258 126 354 222 90 318 186 54 282 150 18 246 114 342 210 78 306 174 42 270 138 6 234 102 330 198 66 294 162 30 258 126
ph3 = (360) 306 174 42 270 138 6 234 102 330 198 66 294 162 30 258 126 354 222 90 318 186 54 282 150 18 246 114 342 210 78 306 174 42 270 138 6 234 102 330 198 66 294 162 30 258 126 354 222 90 318
ph4 = (360) 228 96 324 192 60 288 156 24 252 120 348 216 84 312 180 48 276 144 12 240 108 336 204 72 300 168 36 264 132 0 228 96 324 192 60 288 156 24 252 120 348 216 84 312 180 48 276 144 12 240

ph5 = (360) 108 108 288 288 18 18 198 198

ph14 = (360) 120 120 120 120 120 120 120 120

ph15 = (360) 132 0 228 96 324 192 60 288 156 24 252 120 348 216 84 312 180 48 276 144 12 240 108 336 204 72 300 168 36 264 132 0 228 96 324 192 60 288 156 24 252 120 348 216 84 312 180 48 276 144
ph16 = (360) 234 102 330 198 66 294 162 30 258 126 354 222 90 318 186 54 282 150 18 246 114 342 210 78 306 174 42 270 138 6 234 102 330 198 66 294 162 30 258 126 354 222 90 318 186 54 282 150 18 246
ph17 = (360) 66 294 162 30 258 126 354 222 90 318 186 54 282 150 18 246 114 342 210 78 306 174 42 270 138 6 234 102 330 198 66 294 162 30 258 126 354 222 90 318 186 54 282 150 18 246 114 342 210 78
ph18 = (360) 348 216 84 312 180 48 276 144 12 240 108 336 204 72 300 168 36 264 132 0 228 96 324 192 60 288 156 24 252 120 348 216 84 312 180 48 276 144 12 240 108 336 204 72 300 168 36 264 132 0

ph19 = (360) 138 138 138 138 138 138 138 138

ph29 = 0 2
ph30 = 1 3
ph31 = 0 2
