; delay definitions
define delay delay0
"delay0=(d20-p1)/2"
define delay delay1
"delay1=d20-p1"
define delay tau1
"tau1=d3*(1+cnst1+2*cnst2)-p1/2"
define delay tau2
"tau2=d3*(1-cnst2)-p1"
define delay tau3 
"tau3 = 2*d3*(1-cnst2)-p1"
define delay tau1p 
"tau1p = d3*2*(1-cnst1+2*cnst2)-p1"
"l1=0"  ; start the evolution counter at 0

1   ze

2
d1 rpp1 rpp2 rpp3 rpp4 rpp6 rpp7 rpp8 rpp9 rpp11 rpp12 rpp13 rpp14
100u pl2:f2
(p1 ph0):f2
1.5u

3
delay0
(p1 ph1^):f2
delay1
(p1 ph2^):f2
delay1
(p1 ph3^):f2
delay1
(p1 ph4^):f2
delay0

lo to 3 times 15

(p1 ph5):f2
1.5u
4
tau1
(p1 ph6^):f2
tau2
(p1 ph7^):f2
tau3
(p1 ph8^):f2
tau2
(p1 ph9^):f2
tau1p
(p1 ph6^):f2
tau2
(p1 ph7^):f2
tau3
(p1 ph8^):f2
tau2
(p1 ph9^):f2
tau1

lo to 4 times l1
(p1 ph10):f2
1.5u

5
delay0
(p1 ph11^):f2
delay1
(p1 ph12^):f2
delay1
(p1 ph13^):f2
delay1
(p1 ph14^):f2
delay0

lo to 5 times 15

(p1 ph15):f2
1.5u
1m
(p1 ph29):f2
20u
(p1 ph30):f2

go=2 ph31
1m wr #0 if #0

iu1
iu1

25m ip10*208
25m ip11*208
25m ip12*208
25m ip13*208
25m ip14*208
25m ip15*208

lo to 2 times td1

exit
ph0 = (360) 90 90 270 270 0 0 180 180

ph1 = (360) 103 65 207 259 221 3 55 17 159 211 173 315 7 329 111
ph2 = (360) 26 78 310 182 234 106 338 30 262 134 186 58 290 342 214
ph3 = (360) 39 271 323 195 67 119 351 223 275 147 19 71 303 175 227
ph4 = (360) 322 284 66 118 80 222 274 236 18 70 32 174 226 188 330

ph5 = (360) 73 73 253 253 343 343 163 163

ph6 = (360) 86 138 10 62 294 346 218 270 142 194 66 118 350 42 274 326 198 250 122 174 46 98 330 22 254 306 178 230 102 154 26 78 310 2 234 286 158 210 82 134 6 58 290 342 214 266 138 190 62 114 346 38 270 322 194 246 118 170 42 94 326 18 250 302 174 226 98 150 22 74 306 358 230 282 154 206 78 130 2 54 286 338 210 262 134 186 58 110 342 34 266 318 190 242 114 166 38 90 322 14 246 298 170 222 94 146 18 70 302 354 226 278 150 202 74 126 358 50 282 334 206 258 130 182 54 106 338 30 262 314 186 238 110 162 34 86 318 10 242 294 166 218 90 142 14 66 298 350 222 274 146 198 70 122 354 46 278 330 202 254 126 178 50 102 334 26 258 310 182 234 106 158 30 82 314 6 238 290 162 214 86 138 10 62 294 346 218 270 142 194 66 118 350 42 274 326 198 250 122 174
ph7 = (360) 189 241 113 165 37 89 321 13 245 297 169 221 93 145 17 69 301 353 225 277 149 201 73 125 357 49 281 333 205 257 129 181 53 105 337 29 261 313 185 237 109 161 33 85 317 9 241 293 165 217 89 141 13 65 297 349 221 273 145 197 69 121 353 45 277 329 201 253 125 177 49 101 333 25 257 309 181 233 105 157 29 81 313 5 237 289 161 213 85 137 9 61 293 345 217 269 141 193 65 117 349 41 273 325 197 249 121 173 45 97 329 21 253 305 177 229 101 153 25 77 309 1 233 285 157 209 81 133 5 57 289 341 213 265 137 189 61 113 345 37 269 321 193 245 117 169 41 93 325 17 249 301 173 225 97 149 21 73 305 357 229 281 153 205 77 129 1 53 285 337 209 261 133 185 57 109 341 33 265 317 189 241 113 165 37 89 321 13 245 297 169 221 93 145 17 69 301 353 225 277
ph8 = (360) 202 254 126 178 50 102 334 26 258 310 182 234 106 158 30 82 314 6 238 290 162 214 86 138 10 62 294 346 218 270 142 194 66 118 350 42 274 326 198 250 122 174 46 98 330 22 254 306 178 230 102 154 26 78 310 2 234 286 158 210 82 134 6 58 290 342 214 266 138 190 62 114 346 38 270 322 194 246 118 170 42 94 326 18 250 302 174 226 98 150 22 74 306 358 230 282 154 206 78 130 2 54 286 338 210 262 134 186 58 110 342 34 266 318 190 242 114 166 38 90 322 14 246 298 170 222 94 146 18 70 302 354 226 278 150 202 74 126 358 50 282 334 206 258 130 182 54 106 338 30 262 314 186 238 110 162 34 86 318 10 242 294 166 218 90 142 14 66 298 350 222 274 146 198 70 122 354 46 278 330 202 254 126 178 50 102 334 26 258 310 182 234 106 158 30 82 314 6 238 290
ph9 = (360) 125 177 49 101 333 25 257 309 181 233 105 157 29 81 313 5 237 289 161 213 85 137 9 61 293 345 217 269 141 193 65 117 349 41 273 325 197 249 121 173 45 97 329 21 253 305 177 229 101 153 25 77 309 1 233 285 157 209 81 133 5 57 289 341 213 265 137 189 61 113 345 37 269 321 193 245 117 169 41 93 325 17 249 301 173 225 97 149 21 73 305 357 229 281 153 205 77 129 1 53 285 337 209 261 133 185 57 109 341 33 265 317 189 241 113 165 37 89 321 13 245 297 169 221 93 145 17 69 301 353 225 277 149 201 73 125 357 49 281 333 205 257 129 181 53 105 337 29 261 313 185 237 109 161 33 85 317 9 241 293 165 217 89 141 13 65 297 349 221 273 145 197 69 121 353 45 277 329 201 253 125 177 49 101 333 25 257 309 181 233 105 157 29 81 313 5 237 289 161 213

ph10 = (360) 86 86 86 86 86 86 86 86 266 266 266 266 266 266 266 266

ph11 = (360) 189 151 293 345 307 89 141 103 245 297 259 41 93 55 197
ph12 = (360) 112 164 36 268 320 192 64 116 348 220 272 144 16 68 300
ph13 = (360) 125 357 49 281 153 205 77 309 1 233 105 157 29 261 313
ph14 = (360) 48 10 152 204 166 308 0 322 104 156 118 260 312 274 56

ph15 = (360) 69 69 69 69 69 69 69 69 249 249 249 249 249 249 249 249

ph29 = (360) 0 180
ph30 = (360) 90 270
ph31 = 0 2