; 3 April 2023
; Cory48
; No Framechange
; d20 should be at least p1+2.5u

define delay mq3
"mq3=d20 - p1/2";

define delay mq5
"mq5=d20 - p1";

define delay cycle
"cycle=24*3*d20";

"l1=0"

"d6=20u"


1 ze

2
  d1 rpp0 rpp1 rpp2 rpp3 rpp4 rpp5 rpp6 rpp7
  100u pl2:f2

3
   mq3
   (p1 ph0^):f2
   mq5
   (p1 ph1^):f2
   mq3

   mq3
   (p1 ph2^):f2
   mq5
   (p1 ph3^):f2
   mq3

   mq3
   (p1 ph4^):f2
   mq5
   (p1 ph5^):f2
   mq3

   mq3
   (p1 ph6^):f2
   mq5
   (p1 ph7^):f2
   mq3

    lo to 3 times l10

   1m
   (p1 ph30):f2

  go=2 ph31


  50m wr #0 if #0


  25m iu10
  25m iu10
  25m iu10
  25m iu10
  25m iu10
  25m iu10

  lo to 2 times td1


  exit

ph0 = (360) 0 96 102 108 204 210 216 312 318 324 60 66 72 168 174 180 276 282 288 24 30 36 132 138 144 240 246 252 348 354 0 96 102 108 204 210 216 312 318 324 60 66 72 168 174 180 276 282 288 24 30 36 132 138 144 240 246 252 348 354 0 96 102 108 204 210 216 312 318 324 60 66 72 168 174 180 276 282 288 24 30 36 132 138 144 240 246 252 348 354 0 96 102 108 204 210 216 312 318 324 60 66 72 168 174 180 276 282 288 24 30 36 132 138 144 240 246 252 348 354 0 96 102 108 204 210 216 312 318 324 60 66 72 168 174 180 276 282 288 24 30 36 132 138 144 240 246 252 348 354 0 96 102 108 204 210 216 312 318 324 60 66 72 168 174 180 276 282 288 24 30 36 132 138 144 240 246 252 348 354 0 96 102 108 204 210 216 312 318 324 60 66 72 168 174 180 276 282 288 24 30 36 132 138 144 240 246 252 348 354 0 96 102 108 204 210 216 312 318 324 60 66 72 168 174 180 276 282 288 24 30 36 132 138 144 240 246 252 348 354 0 96 102 108 204 210 216 312 318 324 60 66 72 168 174 180 276 282 288 24 30 36 132 138 144 240 246 252 348 354 0 96 102 108 204 210 216 312 318 324 60 66 72 168 174 180 276 282 288 24 30 36 132 138 144 240 246 252 348 354
ph1 = (360) 102 18 24 30 306 312 318 234 240 246 162 168 174 90 96 102 18 24 30 306 312 318 234 240 246 162 168 174 90 96 102 18 24 30 306 312 318 234 240 246 162 168 174 90 96 102 18 24 30 306 312 318 234 240 246 162 168 174 90 96 102 18 24 30 306 312 318 234 240 246 162 168 174 90 96 102 18 24 30 306 312 318 234 240 246 162 168 174 90 96 102 18 24 30 306 312 318 234 240 246 162 168 174 90 96 102 18 24 30 306 312 318 234 240 246 162 168 174 90 96 102 18 24 30 306 312 318 234 240 246 162 168 174 90 96 102 18 24 30 306 312 318 234 240 246 162 168 174 90 96 102 18 24 30 306 312 318 234 240 246 162 168 174 90 96 102 18 24 30 306 312 318 234 240 246 162 168 174 90 96 102 18 24 30 306 312 318 234 240 246 162 168 174 90 96 102 18 24 30 306 312 318 234 240 246 162 168 174 90 96 102 18 24 30 306 312 318 234 240 246 162 168 174 90 96 102 18 24 30 306 312 318 234 240 246 162 168 174 90 96 102 18 24 30 306 312 318 234 240 246 162 168 174 90 96 102 18 24 30 306 312 318 234 240 246 162 168 174 90 96 102 18 24 30 306 312 318 234 240 246 162 168 174 90 96 102 18 24 30 306 312 318 234 240 246 162 168 174 90 96
ph2 = (360) 204 120 126 132 48 54 60 336 342 348 264 270 276 192 198 204 120 126 132 48 54 60 336 342 348 264 270 276 192 198 204 120 126 132 48 54 60 336 342 348 264 270 276 192 198 204 120 126 132 48 54 60 336 342 348 264 270 276 192 198 204 120 126 132 48 54 60 336 342 348 264 270 276 192 198 204 120 126 132 48 54 60 336 342 348 264 270 276 192 198 204 120 126 132 48 54 60 336 342 348 264 270 276 192 198 204 120 126 132 48 54 60 336 342 348 264 270 276 192 198 204 120 126 132 48 54 60 336 342 348 264 270 276 192 198 204 120 126 132 48 54 60 336 342 348 264 270 276 192 198 204 120 126 132 48 54 60 336 342 348 264 270 276 192 198 204 120 126 132 48 54 60 336 342 348 264 270 276 192 198 204 120 126 132 48 54 60 336 342 348 264 270 276 192 198 204 120 126 132 48 54 60 336 342 348 264 270 276 192 198 204 120 126 132 48 54 60 336 342 348 264 270 276 192 198 204 120 126 132 48 54 60 336 342 348 264 270 276 192 198 204 120 126 132 48 54 60 336 342 348 264 270 276 192 198 204 120 126 132 48 54 60 336 342 348 264 270 276 192 198 204 120 126 132 48 54 60 336 342 348 264 270 276 192 198 204 120 126 132 48 54 60 336 342 348 264 270 276 192 198
ph3 = (360) 126 222 48 234 330 156 342 78 264 90 186 12 198 294 120 306 42 228 54 150 336 162 258 84 270 6 192 18 114 300 126 222 48 234 330 156 342 78 264 90 186 12 198 294 120 306 42 228 54 150 336 162 258 84 270 6 192 18 114 300 126 222 48 234 330 156 342 78 264 90 186 12 198 294 120 306 42 228 54 150 336 162 258 84 270 6 192 18 114 300 126 222 48 234 330 156 342 78 264 90 186 12 198 294 120 306 42 228 54 150 336 162 258 84 270 6 192 18 114 300 126 222 48 234 330 156 342 78 264 90 186 12 198 294 120 306 42 228 54 150 336 162 258 84 270 6 192 18 114 300 126 222 48 234 330 156 342 78 264 90 186 12 198 294 120 306 42 228 54 150 336 162 258 84 270 6 192 18 114 300 126 222 48 234 330 156 342 78 264 90 186 12 198 294 120 306 42 228 54 150 336 162 258 84 270 6 192 18 114 300 126 222 48 234 330 156 342 78 264 90 186 12 198 294 120 306 42 228 54 150 336 162 258 84 270 6 192 18 114 300 126 222 48 234 330 156 342 78 264 90 186 12 198 294 120 306 42 228 54 150 336 162 258 84 270 6 192 18 114 300 126 222 48 234 330 156 342 78 264 90 186 12 198 294 120 306 42 228 54 150 336 162 258 84 270 6 192 18 114 300
ph4 = (360) 48 54 150 156 162 258 264 270 6 12 18 114 120 126 222 228 234 330 336 342 78 84 90 186 192 198 294 300 306 42 48 54 150 156 162 258 264 270 6 12 18 114 120 126 222 228 234 330 336 342 78 84 90 186 192 198 294 300 306 42 48 54 150 156 162 258 264 270 6 12 18 114 120 126 222 228 234 330 336 342 78 84 90 186 192 198 294 300 306 42 48 54 150 156 162 258 264 270 6 12 18 114 120 126 222 228 234 330 336 342 78 84 90 186 192 198 294 300 306 42 48 54 150 156 162 258 264 270 6 12 18 114 120 126 222 228 234 330 336 342 78 84 90 186 192 198 294 300 306 42 48 54 150 156 162 258 264 270 6 12 18 114 120 126 222 228 234 330 336 342 78 84 90 186 192 198 294 300 306 42 48 54 150 156 162 258 264 270 6 12 18 114 120 126 222 228 234 330 336 342 78 84 90 186 192 198 294 300 306 42 48 54 150 156 162 258 264 270 6 12 18 114 120 126 222 228 234 330 336 342 78 84 90 186 192 198 294 300 306 42 48 54 150 156 162 258 264 270 6 12 18 114 120 126 222 228 234 330 336 342 78 84 90 186 192 198 294 300 306 42 48 54 150 156 162 258 264 270 6 12 18 114 120 126 222 228 234 330 336 342 78 84 90 186 192 198 294 300 306 42
ph5 = (360) 150 336 252 78 264 180 6 192 108 294 120 36 222 48 324 150 336 252 78 264 180 6 192 108 294 120 36 222 48 324 150 336 252 78 264 180 6 192 108 294 120 36 222 48 324 150 336 252 78 264 180 6 192 108 294 120 36 222 48 324 150 336 252 78 264 180 6 192 108 294 120 36 222 48 324 150 336 252 78 264 180 6 192 108 294 120 36 222 48 324 150 336 252 78 264 180 6 192 108 294 120 36 222 48 324 150 336 252 78 264 180 6 192 108 294 120 36 222 48 324 150 336 252 78 264 180 6 192 108 294 120 36 222 48 324 150 336 252 78 264 180 6 192 108 294 120 36 222 48 324 150 336 252 78 264 180 6 192 108 294 120 36 222 48 324 150 336 252 78 264 180 6 192 108 294 120 36 222 48 324 150 336 252 78 264 180 6 192 108 294 120 36 222 48 324 150 336 252 78 264 180 6 192 108 294 120 36 222 48 324 150 336 252 78 264 180 6 192 108 294 120 36 222 48 324 150 336 252 78 264 180 6 192 108 294 120 36 222 48 324 150 336 252 78 264 180 6 192 108 294 120 36 222 48 324 150 336 252 78 264 180 6 192 108 294 120 36 222 48 324 150 336 252 78 264 180 6 192 108 294 120 36 222 48 324 150 336 252 78 264 180 6 192 108 294 120 36 222 48 324
ph6 = (360) 72 258 174 0 186 102 288 114 30 216 42 318 144 330 246 72 258 174 0 186 102 288 114 30 216 42 318 144 330 246 72 258 174 0 186 102 288 114 30 216 42 318 144 330 246 72 258 174 0 186 102 288 114 30 216 42 318 144 330 246 72 258 174 0 186 102 288 114 30 216 42 318 144 330 246 72 258 174 0 186 102 288 114 30 216 42 318 144 330 246 72 258 174 0 186 102 288 114 30 216 42 318 144 330 246 72 258 174 0 186 102 288 114 30 216 42 318 144 330 246 72 258 174 0 186 102 288 114 30 216 42 318 144 330 246 72 258 174 0 186 102 288 114 30 216 42 318 144 330 246 72 258 174 0 186 102 288 114 30 216 42 318 144 330 246 72 258 174 0 186 102 288 114 30 216 42 318 144 330 246 72 258 174 0 186 102 288 114 30 216 42 318 144 330 246 72 258 174 0 186 102 288 114 30 216 42 318 144 330 246 72 258 174 0 186 102 288 114 30 216 42 318 144 330 246 72 258 174 0 186 102 288 114 30 216 42 318 144 330 246 72 258 174 0 186 102 288 114 30 216 42 318 144 330 246 72 258 174 0 186 102 288 114 30 216 42 318 144 330 246 72 258 174 0 186 102 288 114 30 216 42 318 144 330 246 72 258 174 0 186 102 288 114 30 216 42 318 144 330 246
ph7 = (360) 174 0 96 282 108 204 30 216 312 138 324 60 246 72 168 354 180 276 102 288 24 210 36 132 318 144 240 66 252 348 174 0 96 282 108 204 30 216 312 138 324 60 246 72 168 354 180 276 102 288 24 210 36 132 318 144 240 66 252 348 174 0 96 282 108 204 30 216 312 138 324 60 246 72 168 354 180 276 102 288 24 210 36 132 318 144 240 66 252 348 174 0 96 282 108 204 30 216 312 138 324 60 246 72 168 354 180 276 102 288 24 210 36 132 318 144 240 66 252 348 174 0 96 282 108 204 30 216 312 138 324 60 246 72 168 354 180 276 102 288 24 210 36 132 318 144 240 66 252 348 174 0 96 282 108 204 30 216 312 138 324 60 246 72 168 354 180 276 102 288 24 210 36 132 318 144 240 66 252 348 174 0 96 282 108 204 30 216 312 138 324 60 246 72 168 354 180 276 102 288 24 210 36 132 318 144 240 66 252 348 174 0 96 282 108 204 30 216 312 138 324 60 246 72 168 354 180 276 102 288 24 210 36 132 318 144 240 66 252 348 174 0 96 282 108 204 30 216 312 138 324 60 246 72 168 354 180 276 102 288 24 210 36 132 318 144 240 66 252 348 174 0 96 282 108 204 30 216 312 138 324 60 246 72 168 354 180 276 102 288 24 210 36 132 318 144 240 66 252 348


ph30=  0 2
ph31= 3 1
