; 18 April 2023
; MREV-8 XX
; No Framechange
; d20 should be at least p1+2.5u

; WAHUHA8 delays
define delay delay0
"delay0=(2*d20-p1)/2"
define delay delay1
"delay1=d20-p1"
define delay delay2
"delay2=(2*d20-p1)"

define delay cycle
"cycle=12*d20";

"l10=0"

1 ze

2
  d1 rpp1 rpp2 rpp3 rpp0
  100u pl2:f2
  (p1 ph28):f2


3   ; Repeated WAHUHA8
    delay0
    (p1 ph0^):f2
    delay1
    (p1 ph1^):f2
    delay2
    (p1 ph2^):f2
    delay1
    (p1 ph3^):f2
    delay0
    lo to 3 times l10

    2.5u
    (p1 ph29):f2
    1m
    (p1 ph30):f2

   go=2 ph31


   50m wr #0 if #0

   5m iu10
   5m iu10
   
   5m ip29*96


   lo to 2 times td1


   exit

  ph28 = (360) 78 78 168 168

  ph0 = (360) 0 228 96 324 192 60 288 156 24 252 120 348 216 84 312 180 48 276 144 12 240 108 336 204 72 300 168 36 264 132 0 228 96 324 192 60 288 156 24 252 120 348 216 84 312 180 48 276 144 12 240 108 336 204 72 300 168 36 264 132 0 228 96 324 192 60 288 156 24 252 120 348 216 84 312 180 48 276 144 12 240 108 336 204 72 300 168 36 264 132 0 228 96 324 192 60 288 156 24 252 120 348 216 84 312 180 48 276 144 12 240 108 336 204 72 300 168 36 264 132 0 228 96 324 192 60 288 156 24 252 120 348 216 84 312 180 48 276 144 12 240 108 336 204 72 300 168 36 264 132 0 228 96 324 192 60 288 156 24 252 120 348 216 84 312 180 48 276 144 12 240 108 336 204 72 300 168 36 264 132 0 228 96 324 192 60 288 156 24 252 120 348 216 84 312 180 48 276 144 12
  ph1 = (360) 102 330 198 66 294 162 30 258 126 354 222 90 318 186 54 282 150 18 246 114 342 210 78 306 174 42 270 138 6 234 102 330 198 66 294 162 30 258 126 354 222 90 318 186 54 282 150 18 246 114 342 210 78 306 174 42 270 138 6 234 102 330 198 66 294 162 30 258 126 354 222 90 318 186 54 282 150 18 246 114 342 210 78 306 174 42 270 138 6 234 102 330 198 66 294 162 30 258 126 354 222 90 318 186 54 282 150 18 246 114 342 210 78 306 174 42 270 138 6 234 102 330 198 66 294 162 30 258 126 354 222 90 318 186 54 282 150 18 246 114 342 210 78 306 174 42 270 138 6 234 102 330 198 66 294 162 30 258 126 354 222 90 318 186 54 282 150 18 246 114 342 210 78 306 174 42 270 138 6 234 102 330 198 66 294 162 30 258 126 354 222 90 318 186 54 282 150 18 246 114
  ph2 = (360) 294 162 30 258 126 354 222 90 318 186 54 282 150 18 246 114 342 210 78 306 174 42 270 138 6 234 102 330 198 66 294 162 30 258 126 354 222 90 318 186 54 282 150 18 246 114 342 210 78 306 174 42 270 138 6 234 102 330 198 66 294 162 30 258 126 354 222 90 318 186 54 282 150 18 246 114 342 210 78 306 174 42 270 138 6 234 102 330 198 66 294 162 30 258 126 354 222 90 318 186 54 282 150 18 246 114 342 210 78 306 174 42 270 138 6 234 102 330 198 66 294 162 30 258 126 354 222 90 318 186 54 282 150 18 246 114 342 210 78 306 174 42 270 138 6 234 102 330 198 66 294 162 30 258 126 354 222 90 318 186 54 282 150 18 246 114 342 210 78 306 174 42 270 138 6 234 102 330 198 66 294 162 30 258 126 354 222 90 318 186 54 282 150 18 246 114 342 210 78 306
  ph3 = (360) 216 84 312 180 48 276 144 12 240 108 336 204 72 300 168 36 264 132 0 228 96 324 192 60 288 156 24 252 120 348 216 84 312 180 48 276 144 12 240 108 336 204 72 300 168 36 264 132 0 228 96 324 192 60 288 156 24 252 120 348 216 84 312 180 48 276 144 12 240 108 336 204 72 300 168 36 264 132 0 228 96 324 192 60 288 156 24 252 120 348 216 84 312 180 48 276 144 12 240 108 336 204 72 300 168 36 264 132 0 228 96 324 192 60 288 156 24 252 120 348 216 84 312 180 48 276 144 12 240 108 336 204 72 300 168 36 264 132 0 228 96 324 192 60 288 156 24 252 120 348 216 84 312 180 48 276 144 12 240 108 336 204 72 300 168 36 264 132 0 228 96 324 192 60 288 156 24 252 120 348 216 84 312 180 48 276 144 12 240 108 336 204 72 300 168 36 264 132 0 228

  ph29 = (360) 270 270 90 90

  ph30 = 0 2
  ph31 = 3 1
