; 22 August 2022
; Andrew Stasiuk
;
; ZZ Correlation under periodic kicking
; Discrete Time Crystal Experiments
; Scrambling time at 120us
; Interaction and Disorder Strength set by Ken16
; theta=170


; cnst1 multiplies disZ, cnst2 multiplies Dz
; coupling strengths precompiled into delay lists
; H_eff = (1/3)*cnst1*sum(h_i Z_i) + cnst2 * Dz

define list<delay> tau1 = {0.00000599 0.00000649 0.00000699 0.00000749 0.00000799 0.00000849 0.00000949 0.00000999 0.00001049 0.00001099}
define list<delay> tau2 = {0.00000398 0.00000373 0.00000348 0.00000323 0.00000298 0.00000273 0.00000223 0.00000198 0.00000173 0.00000148}
define list<delay> tau3 = {0.00000898 0.00000848 0.00000798 0.00000748 0.00000698 0.00000648 0.00000548 0.00000498 0.00000448 0.00000398}

define list<delay> tau1p = {0.00000299 0.00000349 0.00000399 0.00000449 0.00000499 0.00000549 0.00000649 0.00000699 0.00000749 0.00000799}

define delay cycle
"cycle=24*d3"

; td2 = n_max
; td1 = 10

; First measurement length is 0. Ensure L[1]=0 as well.
"l1=0"

; start the pulse program
1   ze

; reset delay
2   d1 rpp0 rpp1 rpp2 rpp3 rpp4 rpp5 rpp6 rpp7
    cycle pl2:f2

; Kicking + Ken16
3
    tau1
    (p1 ph0^):f2
    tau2
    (p1 ph1^):f2
    tau3
    (p1 ph2^):f2
    tau2
    (p1 ph3^):f2
    tau1p

    tau1p
    (p1 ph4^):f2
    tau2
    (p1 ph5^):f2
    tau3
    (p1 ph6^):f2
    tau2
    (p1 ph7^):f2
    tau1

    lo to 3 times l1

    ; Measure
    1m
4   (p1 ph30):f2

    go=2 ph31

    1m wr #0 if #0

    ; increase evolution time by 1 cycle length, and re-scan
    1m iu1
    1m iu1
    lo to 2 times td2

    5m ru1
    5m tau1.inc
    5m tau2.inc
    5m tau3.inc
    5m tau1p.inc
    lo to 2 times td1

    exit

ph0 = (360) 0 252 334 226 308 200 282 174 256 148 230 122 204 96 178 70 152 44 126 18 100 352 74 326 48 300 22 274 356 248 330 222 304 196 278 170 252 144 226 118 200 92 174 66 148 40 122 14 96 348 70 322 44 296 18 270 352 244 326 218 300 192 274 166 248 140 222 114 196 88 170 62 144 36 118 10 92 344 66 318 40 292 14 266 348 240 322 214 296 188 270 162 244 136 218 110 192 84 166 58 140 32 114 6 88 340 62 314 36 288 10 262 344 236 318 210 292 184 266 158 240 132 214 106 188 80 162 54 136 28 110 2 84 336 58 310 32 284 6 258 340 232 314 206 288 180 262 154 236 128 210 102 184 76 158 50 132 24 106 358 80 332 54 306 28 280 2 254 336 228 310 202 284 176 258 150 232 124 206 98 180 72 154 46 128 20 102 354 76 328 50 302 24 276 358 250 332 224 306 198
ph1 = (360) 99 351 73 325 47 299 21 273 355 247 329 221 303 195 277 169 251 143 225 117 199 91 173 65 147 39 121 13 95 347 69 321 43 295 17 269 351 243 325 217 299 191 273 165 247 139 221 113 195 87 169 61 143 35 117 9 91 343 65 317 39 291 13 265 347 239 321 213 295 187 269 161 243 135 217 109 191 83 165 57 139 31 113 5 87 339 61 313 35 287 9 261 343 235 317 209 291 183 265 157 239 131 213 105 187 79 161 53 135 27 109 1 83 335 57 309 31 283 5 257 339 231 313 205 287 179 261 153 235 127 209 101 183 75 157 49 131 23 105 357 79 331 53 305 27 279 1 253 335 227 309 201 283 175 257 149 231 123 205 97 179 71 153 45 127 19 101 353 75 327 49 301 23 275 357 249 331 223 305 197 279 171 253 145 227 119 201 93 175 67 149 41 123 15 97 349 71 323 45 297
ph2 = (360) 108 0 82 334 56 308 30 282 4 256 338 230 312 204 286 178 260 152 234 126 208 100 182 74 156 48 130 22 104 356 78 330 52 304 26 278 0 252 334 226 308 200 282 174 256 148 230 122 204 96 178 70 152 44 126 18 100 352 74 326 48 300 22 274 356 248 330 222 304 196 278 170 252 144 226 118 200 92 174 66 148 40 122 14 96 348 70 322 44 296 18 270 352 244 326 218 300 192 274 166 248 140 222 114 196 88 170 62 144 36 118 10 92 344 66 318 40 292 14 266 348 240 322 214 296 188 270 162 244 136 218 110 192 84 166 58 140 32 114 6 88 340 62 314 36 288 10 262 344 236 318 210 292 184 266 158 240 132 214 106 188 80 162 54 136 28 110 2 84 336 58 310 32 284 6 258 340 232 314 206 288 180 262 154 236 128 210 102 184 76 158 50 132 24 106 358 80 332 54 306
ph3 = (360) 27 279 1 253 335 227 309 201 283 175 257 149 231 123 205 97 179 71 153 45 127 19 101 353 75 327 49 301 23 275 357 249 331 223 305 197 279 171 253 145 227 119 201 93 175 67 149 41 123 15 97 349 71 323 45 297 19 271 353 245 327 219 301 193 275 167 249 141 223 115 197 89 171 63 145 37 119 11 93 345 67 319 41 293 15 267 349 241 323 215 297 189 271 163 245 137 219 111 193 85 167 59 141 33 115 7 89 341 63 315 37 289 11 263 345 237 319 211 293 185 267 159 241 133 215 107 189 81 163 55 137 29 111 3 85 337 59 311 33 285 7 259 341 233 315 207 289 181 263 155 237 129 211 103 185 77 159 51 133 25 107 359 81 333 55 307 29 281 3 255 337 229 311 203 285 177 259 151 233 125 207 99 181 73 155 47 129 21 103 355 77 329 51 303 25 277 359 251 333 225
ph4 = (360) 36 288 10 262 344 236 318 210 292 184 266 158 240 132 214 106 188 80 162 54 136 28 110 2 84 336 58 310 32 284 6 258 340 232 314 206 288 180 262 154 236 128 210 102 184 76 158 50 132 24 106 358 80 332 54 306 28 280 2 254 336 228 310 202 284 176 258 150 232 124 206 98 180 72 154 46 128 20 102 354 76 328 50 302 24 276 358 250 332 224 306 198 280 172 254 146 228 120 202 94 176 68 150 42 124 16 98 350 72 324 46 298 20 272 354 246 328 220 302 194 276 168 250 142 224 116 198 90 172 64 146 38 120 12 94 346 68 320 42 294 16 268 350 242 324 216 298 190 272 164 246 138 220 112 194 86 168 60 142 34 116 8 90 342 64 316 38 290 12 264 346 238 320 212 294 186 268 160 242 134 216 108 190 82 164 56 138 30 112 4 86 338 60 312 34 286 8 260 342 234
ph5 = (360) 135 27 109 1 83 335 57 309 31 283 5 257 339 231 313 205 287 179 261 153 235 127 209 101 183 75 157 49 131 23 105 357 79 331 53 305 27 279 1 253 335 227 309 201 283 175 257 149 231 123 205 97 179 71 153 45 127 19 101 353 75 327 49 301 23 275 357 249 331 223 305 197 279 171 253 145 227 119 201 93 175 67 149 41 123 15 97 349 71 323 45 297 19 271 353 245 327 219 301 193 275 167 249 141 223 115 197 89 171 63 145 37 119 11 93 345 67 319 41 293 15 267 349 241 323 215 297 189 271 163 245 137 219 111 193 85 167 59 141 33 115 7 89 341 63 315 37 289 11 263 345 237 319 211 293 185 267 159 241 133 215 107 189 81 163 55 137 29 111 3 85 337 59 311 33 285 7 259 341 233 315 207 289 181 263 155 237 129 211 103 185 77 159 51 133 25 107 359 81 333
ph6 = (360) 144 36 118 10 92 344 66 318 40 292 14 266 348 240 322 214 296 188 270 162 244 136 218 110 192 84 166 58 140 32 114 6 88 340 62 314 36 288 10 262 344 236 318 210 292 184 266 158 240 132 214 106 188 80 162 54 136 28 110 2 84 336 58 310 32 284 6 258 340 232 314 206 288 180 262 154 236 128 210 102 184 76 158 50 132 24 106 358 80 332 54 306 28 280 2 254 336 228 310 202 284 176 258 150 232 124 206 98 180 72 154 46 128 20 102 354 76 328 50 302 24 276 358 250 332 224 306 198 280 172 254 146 228 120 202 94 176 68 150 42 124 16 98 350 72 324 46 298 20 272 354 246 328 220 302 194 276 168 250 142 224 116 198 90 172 64 146 38 120 12 94 346 68 320 42 294 16 268 350 242 324 216 298 190 272 164 246 138 220 112 194 86 168 60 142 34 116 8 90 342
ph7 = (360) 63 145 37 119 11 93 345 67 319 41 293 15 267 349 241 323 215 297 189 271 163 245 137 219 111 193 85 167 59 141 33 115 7 89 341 63 315 37 289 11 263 345 237 319 211 293 185 267 159 241 133 215 107 189 81 163 55 137 29 111 3 85 337 59 311 33 285 7 259 341 233 315 207 289 181 263 155 237 129 211 103 185 77 159 51 133 25 107 359 81 333 55 307 29 281 3 255 337 229 311 203 285 177 259 151 233 125 207 99 181 73 155 47 129 21 103 355 77 329 51 303 25 277 359 251 333 225 307 199 281 173 255 147 229 121 203 95 177 69 151 43 125 17 99 351 73 325 47 299 21 273 355 247 329 221 303 195 277 169 251 143 225 117 199 91 173 65 147 39 121 13 95 347 69 321 43 295 17 269 351 243 325 217 299 191 273 165 247 139 221 113 195 87 169 61 143 35 117 9 261


ph30 = 1 3 3 1
ph31 = 0 2 2 0
