; 29 July 2022
; Andrew Stasiuk

; Kicking compiled into yxx24 decoupling sequence
; DTC Experiments
; theta=170
; 9 deg framechage


#include <Avance.incl>

define delay tau0
"tau0=(d13-p1)/2"
define delay tau1
"tau1=(d13-p1)"

"l10=0"

1  ze

2  d1 rpp0 rpp1 rpp2 rpp3 rpp4 rpp5
  1m pl2:f2

3
    tau0
    (p1 ph1^):f2
    tau1
    (p1 ph2^):f2
    tau1
    (p1 ph3^):f2
    tau1
    (p1 ph4^):f2
    tau0

  lo to 3 times l10

    1m
    (p1 ph20):f2

    go=2 ph31

    1m wr #0 if #0

    5m iu10
    5m iu10
    5m iu10
    5m iu10
    5m iu10
    5m iu10

  lo to 2 times td1

exit

ph1 = (360) 270 216 72 198 144 0 316 262 118 244 190 46 2 308 164 290 236 92 48 354 210 336 282 138 94 40 256 22 328 184 140 86 302 68 14 230 186 132 348 114 60 276 232 178 34 160 106 322 278 224 80 206 152 8 324 270 126 252 198 54 10 316 172 298 244 100 56 2 218 344 290 146 102 48 264 30 336 192 148 94 310 76 22 238 194 140 356 122 68 284 240 186 42 168 114 330 286 232 88 214 160 16 332 278 134 260 206 62 18 324 180 306 252 108 64 10 226 352 298 154 110 56 272 38 344 200 156 102 318 84 30 246 202 148 4 130 76 292 248 194 50 176 122 338 294 240 96 222 168 24 340 286 142 268 214 70 26 332 188 314 260 116 72 18 234 0 306 162 118 64 280 46 352 208 164 110 326 92 38 254 210 156 12 138 84 300 256 202 58 184 130 346 302 248 104 230 176 32 348 294 150 276 222 78 34 340 196 322 268 124 80 26 242 8 314 170 126 72 288 54 0 216 172 118 334 100 46 262 218 164 20 146 92 308 264 210 66 192 138 354 310 256 112 238 184 40 356 302 158 284 230 86 42 348 204 330 276 132 88 34 250 16 322 178 134 80 296 62 8 224 180 126 342 108 54 270 226 172 28 154 100 316 272 218 74 200 146 2 318 264 120 246 192 48 4 310 166 292 238 94
ph2 = (360) 9 225 351 297 153 279 55 271 37 343 199 325 101 317 83 29 245 11 147 3 129 75 291 57 193 49 175 121 337 103 239 95 221 167 23 149 285 141 267 213 69 195 331 187 313 259 115 241 17 233 359 305 161 287 63 279 45 351 207 333 109 325 91 37 253 19 155 11 137 83 299 65 201 57 183 129 345 111 247 103 229 175 31 157 293 149 275 221 77 203 339 195 321 267 123 249 25 241 7 313 169 295 71 287 53 359 215 341 117 333 99 45 261 27 163 19 145 91 307 73 209 65 191 137 353 119 255 111 237 183 39 165 301 157 283 229 85 211 347 203 329 275 131 257 33 249 15 321 177 303 79 295 61 7 223 349 125 341 107 53 269 35 171 27 153 99 315 81 217 73 199 145 1 127 263 119 245 191 47 173 309 165 291 237 93 219 355 211 337 283 139 265 41 257 23 329 185 311 87 303 69 15 231 357 133 349 115 61 277 43 179 35 161 107 323 89 225 81 207 153 9 135 271 127 253 199 55 181 317 173 299 245 101 227 3 219 345 291 147 273 49 265 31 337 193 319 95 311 77 23 239 5 141 357 123 69 285 51 187 43 169 115 331 97 233 89 215 161 17 143 279 135 261 207 63 189 325 181 307 253 109 235 11 227 353 299 155 281 57 273 39 345 201 327 103 319 85 31 247 13
ph3 = (360) 198 144 90 126 72 18 244 190 136 172 118 64 290 236 182 218 164 110 336 282 228 264 210 156 22 328 274 310 256 202 68 14 320 356 302 248 114 60 6 42 348 294 160 106 52 88 34 340 206 152 98 134 80 26 252 198 144 180 126 72 298 244 190 226 172 118 344 290 236 272 218 164 30 336 282 318 264 210 76 22 328 4 310 256 122 68 14 50 356 302 168 114 60 96 42 348 214 160 106 142 88 34 260 206 152 188 134 80 306 252 198 234 180 126 352 298 244 280 226 172 38 344 290 326 272 218 84 30 336 12 318 264 130 76 22 58 4 310 176 122 68 104 50 356 222 168 114 150 96 42 268 214 160 196 142 88 314 260 206 242 188 134 0 306 252 288 234 180 46 352 298 334 280 226 92 38 344 20 326 272 138 84 30 66 12 318 184 130 76 112 58 4 230 176 122 158 104 50 276 222 168 204 150 96 322 268 214 250 196 142 8 314 260 296 242 188 54 0 306 342 288 234 100 46 352 28 334 280 146 92 38 74 20 326 192 138 84 120 66 12 238 184 130 166 112 58 284 230 176 212 158 104 330 276 222 258 204 150 16 322 268 304 250 196 62 8 314 350 296 242 108 54 0 36 342 288 154 100 46 82 28 334 200 146 92 128 74 20 246 192 138 174 120 66 292 238 184 220 166 112
ph4 = (360) 117 243 99 45 171 217 163 289 145 91 217 263 209 335 191 137 263 309 255 21 237 183 309 355 301 67 283 229 355 41 347 113 329 275 41 87 33 159 15 321 87 133 79 205 61 7 133 179 125 251 107 53 179 225 171 297 153 99 225 271 217 343 199 145 271 317 263 29 245 191 317 3 309 75 291 237 3 49 355 121 337 283 49 95 41 167 23 329 95 141 87 213 69 15 141 187 133 259 115 61 187 233 179 305 161 107 233 279 225 351 207 153 279 325 271 37 253 199 325 11 317 83 299 245 11 57 3 129 345 291 57 103 49 175 31 337 103 149 95 221 77 23 149 195 141 267 123 69 195 241 187 313 169 115 241 287 233 359 215 161 287 333 279 45 261 207 333 19 325 91 307 253 19 65 11 137 353 299 65 111 57 183 39 345 111 157 103 229 85 31 157 203 149 275 131 77 203 249 195 321 177 123 249 295 241 7 223 169 295 341 287 53 269 215 341 27 333 99 315 261 27 73 19 145 1 307 73 119 65 191 47 353 119 165 111 237 93 39 165 211 157 283 139 85 211 257 203 329 185 131 257 303 249 15 231 177 303 349 295 61 277 223 349 35 341 107 323 269 35 81 27 153 9 315 81 127 73 199 55 1 127 173 119 245 101 47 173 219 165 291 147 93 219 265 211 337 193 139 265 121


ph20 = 1 3 3 1
ph31 = 0 2 2 0
