; 21 July 2022
; Andrew Stasiuk
;
; ZZ Correlation under periodic kicking w/out transport
; Discrete Time Crystal Experiments
; no Framechange
; theta=175

; WAHUHA8 delays
define delay delay0
"delay0=(2*d20-p1)/2"
define delay delay1
"delay1=d20-p1"
define delay delay2
"delay2=(2*d20-p1)"

"l1=0"

1  ze

2   ; state & pp reset delay
    d1 rpp0 rpp1 rpp2 rpp3 rpp4 rpp5 rpp6 rpp7 rpp8 rpp9
    100u pl2:f2

; Hamiltonian Evolution
3   ; periodic kicking & scrambling

4   delay0
    (p1 ph0^):f2
    delay1
    (p1 ph1^):f2
    delay2
    (p1 ph2^):f2
    delay1
    (p1 ph3^):f2
    delay0

    delay0
    (p1 ph4^):f2
    delay1
    (p1 ph5^):f2
    delay2
    (p1 ph6^):f2
    delay1
    (p1 ph7^):f2
    delay0


    (p1 ph8^):f2
    2.5u ; Rz(theta)
    (p1 ph9^):f2

    lo to 3 times l1

    ; Measure
    d13
5   (p1 ph10):f2

    go=2 ph31

    1m wr #0 if #0

    ; increase evolution time by 1 cycle length, and re-scan
    5m iu1
    lo to 2 times td1

exit


; WAHUHA8
ph0 = (360) 0 280 200 120 40 320 240 160 80 0 280 200 120 40 320 240 160 80 0 280 200 120 40 320 240 160 80 0 280 200 120 40 320 240 160 80 0 280 200 120 40 320 240 160 80 0 280 200 120 40
ph1 = (360) 99 19 299 219 139 59 339 259 179 99 19 299 219 139 59 339 259 179 99 19 299 219 139 59 339 259 179 99 19 299 219 139 59 339 259 179 99 19 299 219 139 59 339 259 179 99 19 299 219 139
ph2 = (360) 288 208 128 48 328 248 168 88 8 288 208 128 48 328 248 168 88 8 288 208 128 48 328 248 168 88 8 288 208 128 48 328 248 168 88 8 288 208 128 48 328 248 168 88 8 288 208 128 48 328
ph3 = (360) 207 127 47 327 247 167 87 7 287 207 127 47 327 247 167 87 7 287 207 127 47 327 247 167 87 7 287 207 127 47 327 247 167 87 7 287 207 127 47 327 247 167 87 7 287 207 127 47 327 247

ph4 = (360) 216 136 56 336 256 176 96 16 296 216 136 56 336 256 176 96 16 296 216 136 56 336 256 176 96 16 296 216 136 56 336 256 176 96 16 296 216 136 56 336 256 176 96 16 296 216 136 56 336 256
ph5 = (360) 315 235 155 75 355 275 195 115 35 315 235 155 75 355 275 195 115 35 315 235 155 75 355 275 195 115 35 315 235 155 75 355 275 195 115 35 315 235 155 75 355 275 195 115 35 315 235 155 75 355
ph6 = (360) 144 64 344 264 184 104 24 304 224 144 64 344 264 184 104 24 304 224 144 64 344 264 184 104 24 304 224 144 64 344 264 184 104 24 304 224 144 64 344 264 184 104 24 304 224 144 64 344 264 184
ph7 = (360) 63 343 263 183 103 23 303 223 143 63 343 263 183 103 23 303 223 143 63 343 263 183 103 23 303 223 143 63 343 263 183 103 23 303 223 143 63 343 263 183 103 23 303 223 143 63 343 263 183 103

ph8 = (360) 342 262 182 102 22 302 222 142 62 342 262 182 102 22 302 222 142 62 342 262 182 102 22 302 222 142 62 342 262 182 102 22 302 222 142 62 342 262 182 102 22 302 222 142 62 342 262 182 102 22
ph9 = (360) 1 281 201 121 41 321 241 161 81 1 281 201 121 41 321 241 161 81 1 281 201 121 41 321 241 161 81 1 281 201 121 41 321 241 161 81 1 281 201 121 41 321 241 161 81 1 281 201 121 41

ph10 = 1 3 3 1
ph31 = 0 2 2 1
