; 29 July 2022
; Andrew Stasiuk

; Kicking compiled into yxx24 decoupling sequence
; DTC Experiments
; theta=170
; 9 deg framechage


#include <Avance.incl>

define delay tau0
"tau0=(d13-p1)/2"
define delay tau1
"tau1=(d13-p1)"

"l10=0"

1  ze

2  d1 rpp1 rpp2 rpp3 rpp4 rpp5 rpp6 rpp7 rpp8 rpp9 rpp10 rpp11 rpp12
  1m pl2:f2

3
    tau0
    (p1 ph1^):f2
    tau1
    (p1 ph2^):f2
    tau1
    (p1 ph3^):f2
    tau1
    (p1 ph4^):f2
    tau1
    (p1 ph5^):f2
    tau1
    (p1 ph6^):f2
    tau1
    (p1 ph7^):f2
    tau1
    (p1 ph8^):f2
    tau1
    (p1 ph9^):f2
    tau1
    (p1 ph10^):f2
    tau1
    (p1 ph11^):f2
    tau1
    (p1 ph12^):f2
    tau0


  lo to 3 times l10

    1m
    (p1 ph20):f2

    go=2 ph31

    1m wr #0 if #0

    5m iu10
    5m iu10

  lo to 2 times td1

exit

ph1 = (360) 270 198 316 244 2 290 48 336 94 22 140 68 186 114 232 160 278 206 324 252 10 298 56 344 102 30 148 76 194 122 240 168 286 214 332 260 18 306 64 352 110 38 156 84 202 130 248 176 294 222 340 268 26 314 72 0 118 46 164 92 210 138 256 184 302 230 348 276 34 322 80 8 126 54 172 100 218 146 264 192 310 238 356 284 42 330 88 16 134 62 180 108 226 154 272 200 318 246 4 292 50 338 96 24 142 70 188 116 234 162 280 208 326 254 12 300 58 346 104 32 150 78 196 124 242 170 288 216 334 262 20 308 66 354 112 40 158 86 204 132 250 178 296 224 342 270 28 316 74 2 120 48 166 94 212 140 258 186 304 232 350 278 36 324 82 10 128 56 174 102 220 148 266 194 312 240 358 286 44 332 90 18 136 64 182 110 228 156 274 202 320 248 6 294 52 340 98 26 144 72 190 118 236 164 282 210 328 256 14 302 60 348 106 34 152 80 198 126 244 172 290 218 336 264 22 310 68 356 114 42 160 88 206 134 252 180 298 226 344 272 30 318 76 4 122 50 168 96 214 142 260 188 306 234 352 280 38 326 84 12 130 58 176 104 222 150 268 196 314 242 0 288 46 334 92 20 138 66 184 112 230 158 276 204 322 250 8 296 54 342 100 28 146 74 192 120 238 166 284 212
ph2 = (360) 9 297 55 343 101 29 147 75 193 121 239 167 285 213 331 259 17 305 63 351 109 37 155 83 201 129 247 175 293 221 339 267 25 313 71 359 117 45 163 91 209 137 255 183 301 229 347 275 33 321 79 7 125 53 171 99 217 145 263 191 309 237 355 283 41 329 87 15 133 61 179 107 225 153 271 199 317 245 3 291 49 337 95 23 141 69 187 115 233 161 279 207 325 253 11 299 57 345 103 31 149 77 195 123 241 169 287 215 333 261 19 307 65 353 111 39 157 85 203 131 249 177 295 223 341 269 27 315 73 1 119 47 165 93 211 139 257 185 303 231 349 277 35 323 81 9 127 55 173 101 219 147 265 193 311 239 357 285 43 331 89 17 135 63 181 109 227 155 273 201 319 247 5 293 51 339 97 25 143 71 189 117 235 163 281 209 327 255 13 301 59 347 105 33 151 79 197 125 243 171 289 217 335 263 21 309 67 355 113 41 159 87 205 133 251 179 297 225 343 271 29 317 75 3 121 49 167 95 213 141 259 187 305 233 351 279 37 325 83 11 129 57 175 103 221 149 267 195 313 241 359 287 45 333 91 19 137 65 183 111 229 157 275 203 321 249 7 295 53 341 99 27 145 73 191 119 237 165 283 211 329 257 15 303 61 349 107 35 153 81 199 127 245 173 291 219 337 265 23 311
ph3 = (360) 198 126 244 172 290 218 336 264 22 310 68 356 114 42 160 88 206 134 252 180 298 226 344 272 30 318 76 4 122 50 168 96 214 142 260 188 306 234 352 280 38 326 84 12 130 58 176 104 222 150 268 196 314 242 0 288 46 334 92 20 138 66 184 112 230 158 276 204 322 250 8 296 54 342 100 28 146 74 192 120 238 166 284 212 330 258 16 304 62 350 108 36 154 82 200 128 246 174 292 220 338 266 24 312 70 358 116 44 162 90 208 136 254 182 300 228 346 274 32 320 78 6 124 52 170 98 216 144 262 190 308 236 354 282 40 328 86 14 132 60 178 106 224 152 270 198 316 244 2 290 48 336 94 22 140 68 186 114 232 160 278 206 324 252 10 298 56 344 102 30 148 76 194 122 240 168 286 214 332 260 18 306 64 352 110 38 156 84 202 130 248 176 294 222 340 268 26 314 72 0 118 46 164 92 210 138 256 184 302 230 348 276 34 322 80 8 126 54 172 100 218 146 264 192 310 238 356 284 42 330 88 16 134 62 180 108 226 154 272 200 318 246 4 292 50 338 96 24 142 70 188 116 234 162 280 208 326 254 12 300 58 346 104 32 150 78 196 124 242 170 288 216 334 262 20 308 66 354 112 40 158 86 204 132 250 178 296 224 342 270 28 316 74 2 120 48 166 94 212 140
ph4 = (360) 117 45 163 91 209 137 255 183 301 229 347 275 33 321 79 7 125 53 171 99 217 145 263 191 309 237 355 283 41 329 87 15 133 61 179 107 225 153 271 199 317 245 3 291 49 337 95 23 141 69 187 115 233 161 279 207 325 253 11 299 57 345 103 31 149 77 195 123 241 169 287 215 333 261 19 307 65 353 111 39 157 85 203 131 249 177 295 223 341 269 27 315 73 1 119 47 165 93 211 139 257 185 303 231 349 277 35 323 81 9 127 55 173 101 219 147 265 193 311 239 357 285 43 331 89 17 135 63 181 109 227 155 273 201 319 247 5 293 51 339 97 25 143 71 189 117 235 163 281 209 327 255 13 301 59 347 105 33 151 79 197 125 243 171 289 217 335 263 21 309 67 355 113 41 159 87 205 133 251 179 297 225 343 271 29 317 75 3 121 49 167 95 213 141 259 187 305 233 351 279 37 325 83 11 129 57 175 103 221 149 267 195 313 241 359 287 45 333 91 19 137 65 183 111 229 157 275 203 321 249 7 295 53 341 99 27 145 73 191 119 237 165 283 211 329 257 15 303 61 349 107 35 153 81 199 127 245 173 291 219 337 265 23 311 69 357 115 43 161 89 207 135 253 181 299 227 345 273 31 319 77 5 123 51 169 97 215 143 261 189 307 235 353 281 39 327 85 13 131 59
ph5 = (360) 216 144 262 190 308 236 354 282 40 328 86 14 132 60 178 106 224 152 270 198 316 244 2 290 48 336 94 22 140 68 186 114 232 160 278 206 324 252 10 298 56 344 102 30 148 76 194 122 240 168 286 214 332 260 18 306 64 352 110 38 156 84 202 130 248 176 294 222 340 268 26 314 72 0 118 46 164 92 210 138 256 184 302 230 348 276 34 322 80 8 126 54 172 100 218 146 264 192 310 238 356 284 42 330 88 16 134 62 180 108 226 154 272 200 318 246 4 292 50 338 96 24 142 70 188 116 234 162 280 208 326 254 12 300 58 346 104 32 150 78 196 124 242 170 288 216 334 262 20 308 66 354 112 40 158 86 204 132 250 178 296 224 342 270 28 316 74 2 120 48 166 94 212 140 258 186 304 232 350 278 36 324 82 10 128 56 174 102 220 148 266 194 312 240 358 286 44 332 90 18 136 64 182 110 228 156 274 202 320 248 6 294 52 340 98 26 144 72 190 118 236 164 282 210 328 256 14 302 60 348 106 34 152 80 198 126 244 172 290 218 336 264 22 310 68 356 114 42 160 88 206 134 252 180 298 226 344 272 30 318 76 4 122 50 168 96 214 142 260 188 306 234 352 280 38 326 84 12 130 58 176 104 222 150 268 196 314 242 0 288 46 334 92 20 138 66 184 112 230 158
ph6 = (360) 225 153 271 199 317 245 3 291 49 337 95 23 141 69 187 115 233 161 279 207 325 253 11 299 57 345 103 31 149 77 195 123 241 169 287 215 333 261 19 307 65 353 111 39 157 85 203 131 249 177 295 223 341 269 27 315 73 1 119 47 165 93 211 139 257 185 303 231 349 277 35 323 81 9 127 55 173 101 219 147 265 193 311 239 357 285 43 331 89 17 135 63 181 109 227 155 273 201 319 247 5 293 51 339 97 25 143 71 189 117 235 163 281 209 327 255 13 301 59 347 105 33 151 79 197 125 243 171 289 217 335 263 21 309 67 355 113 41 159 87 205 133 251 179 297 225 343 271 29 317 75 3 121 49 167 95 213 141 259 187 305 233 351 279 37 325 83 11 129 57 175 103 221 149 267 195 313 241 359 287 45 333 91 19 137 65 183 111 229 157 275 203 321 249 7 295 53 341 99 27 145 73 191 119 237 165 283 211 329 257 15 303 61 349 107 35 153 81 199 127 245 173 291 219 337 265 23 311 69 357 115 43 161 89 207 135 253 181 299 227 345 273 31 319 77 5 123 51 169 97 215 143 261 189 307 235 353 281 39 327 85 13 131 59 177 105 223 151 269 197 315 243 1 289 47 335 93 21 139 67 185 113 231 159 277 205 323 251 9 297 55 343 101 29 147 75 193 121 239 167
ph7 = (360) 144 72 190 118 236 164 282 210 328 256 14 302 60 348 106 34 152 80 198 126 244 172 290 218 336 264 22 310 68 356 114 42 160 88 206 134 252 180 298 226 344 272 30 318 76 4 122 50 168 96 214 142 260 188 306 234 352 280 38 326 84 12 130 58 176 104 222 150 268 196 314 242 0 288 46 334 92 20 138 66 184 112 230 158 276 204 322 250 8 296 54 342 100 28 146 74 192 120 238 166 284 212 330 258 16 304 62 350 108 36 154 82 200 128 246 174 292 220 338 266 24 312 70 358 116 44 162 90 208 136 254 182 300 228 346 274 32 320 78 6 124 52 170 98 216 144 262 190 308 236 354 282 40 328 86 14 132 60 178 106 224 152 270 198 316 244 2 290 48 336 94 22 140 68 186 114 232 160 278 206 324 252 10 298 56 344 102 30 148 76 194 122 240 168 286 214 332 260 18 306 64 352 110 38 156 84 202 130 248 176 294 222 340 268 26 314 72 0 118 46 164 92 210 138 256 184 302 230 348 276 34 322 80 8 126 54 172 100 218 146 264 192 310 238 356 284 42 330 88 16 134 62 180 108 226 154 272 200 318 246 4 292 50 338 96 24 142 70 188 116 234 162 280 208 326 254 12 300 58 346 104 32 150 78 196 124 242 170 288 216 334 262 20 308 66 354 112 40 158 86
ph8 = (360) 243 171 289 217 335 263 21 309 67 355 113 41 159 87 205 133 251 179 297 225 343 271 29 317 75 3 121 49 167 95 213 141 259 187 305 233 351 279 37 325 83 11 129 57 175 103 221 149 267 195 313 241 359 287 45 333 91 19 137 65 183 111 229 157 275 203 321 249 7 295 53 341 99 27 145 73 191 119 237 165 283 211 329 257 15 303 61 349 107 35 153 81 199 127 245 173 291 219 337 265 23 311 69 357 115 43 161 89 207 135 253 181 299 227 345 273 31 319 77 5 123 51 169 97 215 143 261 189 307 235 353 281 39 327 85 13 131 59 177 105 223 151 269 197 315 243 1 289 47 335 93 21 139 67 185 113 231 159 277 205 323 251 9 297 55 343 101 29 147 75 193 121 239 167 285 213 331 259 17 305 63 351 109 37 155 83 201 129 247 175 293 221 339 267 25 313 71 359 117 45 163 91 209 137 255 183 301 229 347 275 33 321 79 7 125 53 171 99 217 145 263 191 309 237 355 283 41 329 87 15 133 61 179 107 225 153 271 199 317 245 3 291 49 337 95 23 141 69 187 115 233 161 279 207 325 253 11 299 57 345 103 31 149 77 195 123 241 169 287 215 333 261 19 307 65 353 111 39 157 85 203 131 249 177 295 223 341 269 27 315 73 1 119 47 165 93 211 139 257 185
ph9 = (360) 72 0 118 46 164 92 210 138 256 184 302 230 348 276 34 322 80 8 126 54 172 100 218 146 264 192 310 238 356 284 42 330 88 16 134 62 180 108 226 154 272 200 318 246 4 292 50 338 96 24 142 70 188 116 234 162 280 208 326 254 12 300 58 346 104 32 150 78 196 124 242 170 288 216 334 262 20 308 66 354 112 40 158 86 204 132 250 178 296 224 342 270 28 316 74 2 120 48 166 94 212 140 258 186 304 232 350 278 36 324 82 10 128 56 174 102 220 148 266 194 312 240 358 286 44 332 90 18 136 64 182 110 228 156 274 202 320 248 6 294 52 340 98 26 144 72 190 118 236 164 282 210 328 256 14 302 60 348 106 34 152 80 198 126 244 172 290 218 336 264 22 310 68 356 114 42 160 88 206 134 252 180 298 226 344 272 30 318 76 4 122 50 168 96 214 142 260 188 306 234 352 280 38 326 84 12 130 58 176 104 222 150 268 196 314 242 0 288 46 334 92 20 138 66 184 112 230 158 276 204 322 250 8 296 54 342 100 28 146 74 192 120 238 166 284 212 330 258 16 304 62 350 108 36 154 82 200 128 246 174 292 220 338 266 24 312 70 358 116 44 162 90 208 136 254 182 300 228 346 274 32 320 78 6 124 52 170 98 216 144 262 190 308 236 354 282 40 328 86 14
ph10 = (360) 351 279 37 325 83 11 129 57 175 103 221 149 267 195 313 241 359 287 45 333 91 19 137 65 183 111 229 157 275 203 321 249 7 295 53 341 99 27 145 73 191 119 237 165 283 211 329 257 15 303 61 349 107 35 153 81 199 127 245 173 291 219 337 265 23 311 69 357 115 43 161 89 207 135 253 181 299 227 345 273 31 319 77 5 123 51 169 97 215 143 261 189 307 235 353 281 39 327 85 13 131 59 177 105 223 151 269 197 315 243 1 289 47 335 93 21 139 67 185 113 231 159 277 205 323 251 9 297 55 343 101 29 147 75 193 121 239 167 285 213 331 259 17 305 63 351 109 37 155 83 201 129 247 175 293 221 339 267 25 313 71 359 117 45 163 91 209 137 255 183 301 229 347 275 33 321 79 7 125 53 171 99 217 145 263 191 309 237 355 283 41 329 87 15 133 61 179 107 225 153 271 199 317 245 3 291 49 337 95 23 141 69 187 115 233 161 279 207 325 253 11 299 57 345 103 31 149 77 195 123 241 169 287 215 333 261 19 307 65 353 111 39 157 85 203 131 249 177 295 223 341 269 27 315 73 1 119 47 165 93 211 139 257 185 303 231 349 277 35 323 81 9 127 55 173 101 219 147 265 193 311 239 357 285 43 331 89 17 135 63 181 109 227 155 273 201 319 247 5 293
ph11 = (360) 90 18 136 64 182 110 228 156 274 202 320 248 6 294 52 340 98 26 144 72 190 118 236 164 282 210 328 256 14 302 60 348 106 34 152 80 198 126 244 172 290 218 336 264 22 310 68 356 114 42 160 88 206 134 252 180 298 226 344 272 30 318 76 4 122 50 168 96 214 142 260 188 306 234 352 280 38 326 84 12 130 58 176 104 222 150 268 196 314 242 0 288 46 334 92 20 138 66 184 112 230 158 276 204 322 250 8 296 54 342 100 28 146 74 192 120 238 166 284 212 330 258 16 304 62 350 108 36 154 82 200 128 246 174 292 220 338 266 24 312 70 358 116 44 162 90 208 136 254 182 300 228 346 274 32 320 78 6 124 52 170 98 216 144 262 190 308 236 354 282 40 328 86 14 132 60 178 106 224 152 270 198 316 244 2 290 48 336 94 22 140 68 186 114 232 160 278 206 324 252 10 298 56 344 102 30 148 76 194 122 240 168 286 214 332 260 18 306 64 352 110 38 156 84 202 130 248 176 294 222 340 268 26 314 72 0 118 46 164 92 210 138 256 184 302 230 348 276 34 322 80 8 126 54 172 100 218 146 264 192 310 238 356 284 42 330 88 16 134 62 180 108 226 154 272 200 318 246 4 292 50 338 96 24 142 70 188 116 234 162 280 208 326 254 12 300 58 346 104 32
ph12 = (360) 99 217 145 263 191 309 237 355 283 41 329 87 15 133 61 179 107 225 153 271 199 317 245 3 291 49 337 95 23 141 69 187 115 233 161 279 207 325 253 11 299 57 345 103 31 149 77 195 123 241 169 287 215 333 261 19 307 65 353 111 39 157 85 203 131 249 177 295 223 341 269 27 315 73 1 119 47 165 93 211 139 257 185 303 231 349 277 35 323 81 9 127 55 173 101 219 147 265 193 311 239 357 285 43 331 89 17 135 63 181 109 227 155 273 201 319 247 5 293 51 339 97 25 143 71 189 117 235 163 281 209 327 255 13 301 59 347 105 33 151 79 197 125 243 171 289 217 335 263 21 309 67 355 113 41 159 87 205 133 251 179 297 225 343 271 29 317 75 3 121 49 167 95 213 141 259 187 305 233 351 279 37 325 83 11 129 57 175 103 221 149 267 195 313 241 359 287 45 333 91 19 137 65 183 111 229 157 275 203 321 249 7 295 53 341 99 27 145 73 191 119 237 165 283 211 329 257 15 303 61 349 107 35 153 81 199 127 245 173 291 219 337 265 23 311 69 357 115 43 161 89 207 135 253 181 299 227 345 273 31 319 77 5 123 51 169 97 215 143 261 189 307 235 353 281 39 327 85 13 131 59 177 105 223 151 269 197 315 243 1 289 47 335 93 21 139 67 185 113 41

ph20 = 1 3 3 1
ph31 = 0 2 2 0
