;20210616
;DyDy correlation under Hamiltonian (cnst1-cnst3)XX+(cnst2-cnst1)YY+(cnst3-cnst2)ZZ+(180 deg)*Z
;frame change 10 deg
;Automatically created by Ken16pp.m

define delay tau1
"tau1=d3*(1-cnst2+cnst3)-p1/2"
define delay tau2
"tau2=d3*(1-cnst1+cnst2)-p1"
define delay tau3
"tau3=2*d3*(1+cnst1-cnst3)-p1"
define delay cycle
"cycle=24*d3" 
 
"l10=0"

1  ze
 
2  d1 rpp10 rpp11 rpp12 rpp13 
   cycle pl2:f2 

3
   tau1
   (p1 ph10^):f2
   tau2
   (p1 ph11^):f2
   tau3
   (p1 ph12^):f2
   tau2
   (p1 ph13^):f2
   tau1
 
   lo to 3 times l10
 
   1m
   (p1 ph6):f2

   go=2 ph31

  1m wr #0 if #0

; increase counter
  1m iu10
  1m iu10
  1m iu10
  1m iu10

  lo to 2 times td1

  exit

ph10 = (360) 0 40 260 300 10 50 270 310 20 60 280 320 30 70 290 330 40 80 300 340 50 90 310 350 60 100 320 0 70 110 330 10 80 120 340 20 90 130 350 30 100 140 0 40 110 150 10 50 120 160 20 60 130 170 30 70 140 180 40 80 150 190 50 90 160 200 60 100 170 210 70 110 180 220 80 120 190 230 90 130 200 240 100 140 210 250 110 150 220 260 120 160 230 270 130 170 240 280 140 180 250 290 150 190 260 300 160 200 270 310 170 210 280 320 180 220 290 330 190 230 300 340 200 240 310 350 210 250 320 0 220 260 330 10 230 270 340 20 240 280 350 30 250 290 
ph11 = (360) 100 140 0 40 110 150 10 50 120 160 20 60 130 170 30 70 140 180 40 80 150 190 50 90 160 200 60 100 170 210 70 110 180 220 80 120 190 230 90 130 200 240 100 140 210 250 110 150 220 260 120 160 230 270 130 170 240 280 140 180 250 290 150 190 260 300 160 200 270 310 170 210 280 320 180 220 290 330 190 230 300 340 200 240 310 350 210 250 320 0 220 260 330 10 230 270 340 20 240 280 350 30 250 290 0 40 260 300 10 50 270 310 20 60 280 320 30 70 290 330 40 80 300 340 50 90 310 350 60 100 320 0 70 110 330 10 80 120 340 20 90 130 350 30 
ph12 = (360) 110 150 10 50 120 160 20 60 130 170 30 70 140 180 40 80 150 190 50 90 160 200 60 100 170 210 70 110 180 220 80 120 190 230 90 130 200 240 100 140 210 250 110 150 220 260 120 160 230 270 130 170 240 280 140 180 250 290 150 190 260 300 160 200 270 310 170 210 280 320 180 220 290 330 190 230 300 340 200 240 310 350 210 250 320 0 220 260 330 10 230 270 340 20 240 280 350 30 250 290 0 40 260 300 10 50 270 310 20 60 280 320 30 70 290 330 40 80 300 340 50 90 310 350 60 100 320 0 70 110 330 10 80 120 340 20 90 130 350 30 100 140 0 40 
ph13 = (360) 30 70 290 330 40 80 300 340 50 90 310 350 60 100 320 0 70 110 330 10 80 120 340 20 90 130 350 30 100 140 0 40 110 150 10 50 120 160 20 60 130 170 30 70 140 180 40 80 150 190 50 90 160 200 60 100 170 210 70 110 180 220 80 120 190 230 90 130 200 240 100 140 210 250 110 150 220 260 120 160 230 270 130 170 240 280 140 180 250 290 150 190 260 300 160 200 270 310 170 210 280 320 180 220 290 330 190 230 300 340 200 240 310 350 210 250 320 0 220 260 330 10 230 270 340 20 240 280 350 30 250 290 0 40 260 300 10 50 270 310 20 60 280 320 


ph6 = 1 3
ph31 = 0 2